1467
1468
1469
1470
1471
1472
1473
1474
1475
1476
1477
1478
3509
3513
3535
3561
3570
3573
3575
3590
3596
3608
3619
3626
3643
3646
3657
3667
3669
3670
3679
3685
3693
3695
3713
3720
3721
3724
3734
3736
3741
3746
3747
3749
3751
3755
3756
3758
3771
3772
3776
3779
3780
3782
3793
3795
3797
3800
3801
3802
3803
3805
3810
3812
3814
3817
3822
3827
3831
3835
3836
3838
3840
3844
3850
3852
3854
3856
3858
3859
3861
3862
3874
3876
3881
3886
3889
3891
3892
3895
3898
3900
3902
3903
3905
3909
3912
3914
3915
3916
3920
3921
3925
3932
3934
3938
3940
3941
3946
3947
3949
3955
3959
3960
3963
3965
3966
3967
3970
3973
3975
3976
3978
3979
3980
3983
3984
3987
3989
3990
3993
4000
4002
4003
4006
4008
4009
4013
4016
4017
4019
4020
4021
4022
4023
4024
4025
4029
4030
4032
4034
4039
4041
4042
4044
4046
4047
4048
4052
4053
4055
4057
4058
4060
4064
4065
4066
4071
4072
4076
4079
4080
4083
4084
4085
4086
4089
4091
4092
4093
4095
4096
4097
4100
4101
4102
4104
4105
4107
4108
4109
4111
4113
4116
4118
4119
4122
4123
4124
4127
4129
4130
4131
4132
4133
4134
4135
4136
4137
4139
4140
4142
4144
4147
4148
4149
4150
4152
4153
4154
4155
4156
4157
4159
4160
4162
4163
4164
4166
4167
4170
4171
4175
4176
4179
4181
4183
4184
4188
4189
4191
4192
4194
4195
4196
4197
4198
4199
4202
4204
4205
4207
4208
4209
4210
4211
4212
4213
4215
4217
4218
4219
4220
4221
4222
4223
4224
4225
4226
4227
4228
4229
4231
4233
4235
4236
4240
4241
4243
4244
4246
4247
4248
4250
4251
4257
4258
4260
4261
4263
4265
4266
4268
4271
4272
4273
4274
4275
4276
4277
4278
4279
4281
4283
4284
4285
4286
4289
4290
4291
4292
4293
4294
4296
4297
4298
4300
4302
4304
4305
4306
4308
4309
4310
4312
4313
4315
4316
4320
4321
4322
4323
4324
4325
4328
4329
4330
4332
4333
4336
4337
4338
4339
4342
4343
4344
4345
4346
4348
4349
4350
4351
4353
4354
4356
4357
4360
4361
4363
4364
4365
4366
4367
4368
4369
4371
4372
4373
4376
4377
4378
4380
4381
4382
4383
4384
4386
4387
4389
4390
4391
4392
4394
4396
4397
4399
4400
4401
4402
4403
4404
4405
4406
4410
4411
4412
4413
4414
4415
4417
4418
4419
4420
4421
4423
4424
4425
4426
4427
4431
4432
4435
4438
4439
4440
4441
4442
4443
4445
4446
4447
4448
4449
4450
4453
4454
4456
4457
4458
4459
4460
4461
4462
4464
4465
4466
4467
4469
4471
4475
4476
4480
4481
4482
4483
4484
4485
4486
4487
4488
4489
4491
4492
4493
4494
4495
4496
4497
4499
4500
4501
4502
4503
4505
4506
4508
4509
4510
4511
4512
4513
4514
4515
4516
4517
4518
4520
4521
4522
4523
4524
4525
4526
4527
4528
4529
4530
4532
4533
4534
4535
4536
4537
4538
4539
4541
4542
4543
4546
4547
4548
4549
4550
4551
4553
4554
4556
7051
